{
    "nbVehicles": 5,
    "nbNodes": 80,
    "maxTravelTime": 30,
    "capacity": 3,
    "scale": 1,
    "speed": 1,
    "nbClients": 40,
    "distanceMatrix": [
        [
            0,
            6.084309821171174,
            3.0176926616207953,
            5.836037182883605,
            3.8868415197947037,
            7.079748371234673,
            7.602110562205735,
            8.479417727650878,
            5.259320488428139,
            8.013919702617441,
            11.043994250270144,
            1.9694994287889498,
            10.063065586589406,
            5.335395018178129,
            6.095915435765165,
            11.677169691325036,
            6.098891866560678,
            8.266075550102359,
            9.010417359922902,
            3.3147496134700734,
            7.605601159671732,
            7.8598171098315,
            6.668227725565467,
            9.826793220578114,
            7.878148640384998,
            10.143535083983295,
            5.660529480534485,
            6.320176263364813,
            7.25916503463036,
            5.959529259933204,
            6.325993676885869,
            5.399171232698588,
            4.341836592963857,
            8.70968661893182,
            3.8463001702935253,
            10.668520047316779,
            5.8720746759556794,
            5.369455186515667,
            7.690210725331264,
            3.65801927277591,
            9.777986091215308,
            11.693958269123419,
            7.467138742517109,
            5.049436503214987,
            7.595943391047618,
            8.914164290610758,
            9.137633829389314,
            9.88116480987945,
            10.66326816693644,
            11.086297939348373,
            6.271249955152482,
            8.47337034479197,
            9.651544954047512,
            2.8763214354449333,
            13.172447001221906,
            10.289235783089044,
            7.002883548938966,
            10.57102289279519,
            8.101468138553653,
            9.680032283004019,
            10.525643590773916,
            8.936797860531478,
            5.100331851948459,
            11.8744736725465,
            6.104978050738594,
            10.00133881037934,
            9.661661399573058,
            10.690317301184283,
            9.09483067461951,
            11.020874783790985,
            10.577962989158166,
            3.289365440324319,
            6.141589126602333,
            11.216312451068756,
            8.06065133844654,
            8.589754187402571,
            12.334156558111301,
            9.850577901828908,
            6.96203167186131,
            9.221223617286375,
            3.859367823879968
        ],
        [
            6.084309821171174,
            0,
            5.417754608691685,
            10.69478845045567,
            7.606639533986082,
            12.112397822066447,
            3.558752168949111,
            5.461726558516088,
            6.692624746689448,
            9.579205864788584,
            13.167309710035683,
            8.033851504726734,
            14.005681168725785,
            6.967965126204349,
            10.210168705756042,
            13.264973803215746,
            8.58082746592658,
            11.755370559876026,
            4.885853968345759,
            9.108244452143342,
            10.754762712398634,
            11.736563423762512,
            10.720039598807459,
            11.244994130723235,
            7.476636944509209,
            9.454545679195801,
            1.2070459808971656,
            3.340224243969258,
            2.4384013205377,
            4.009685897922679,
            0.6225704779380403,
            1.5038404170655875,
            9.200975654787921,
            11.892624142719722,
            9.39939684235111,
            11.70910150267731,
            9.567196506814312,
            9.714018787299107,
            3.1616940079647176,
            8.027526954174617,
            11.751078673892026,
            5.757025099823692,
            3.620348740107781,
            7.6946894024385415,
            13.564932804846473,
            13.364390034715388,
            15.221926619189833,
            9.473508325852677,
            4.578988752989027,
            13.770250397142384,
            11.95218314786048,
            4.597732593355119,
            11.153252171452054,
            5.649672645383978,
            14.922510311606423,
            10.998078604920044,
            0.9919778223327378,
            16.60495712129363,
            14.052284227128341,
            13.595861907212798,
            4.446238072798172,
            5.164034275641478,
            10.731150590686909,
            13.348309293689594,
            3.2005757294586865,
            12.445740154767817,
            15.275193255733297,
            14.369415089000666,
            8.214826656722586,
            12.257956477325246,
            12.65630107890927,
            6.172848370080056,
            12.120286341502004,
            5.386565974718958,
            11.756446827166785,
            7.102624937303109,
            13.618562626063001,
            5.8081626182468415,
            11.846335678174919,
            15.012283537157163,
            6.75421364779054
        ],
        [
            3.0176926616207953,
            5.417754608691685,
            0,
            8.821051241207025,
            6.799087585845618,
            6.727874255662036,
            8.188850224543124,
            9.608770993212397,
            7.687679558878608,
            10.677279897052433,
            8.682286910716554,
            4.479647865625155,
            13.080386079928987,
            2.4662881015809974,
            9.110329302500542,
            14.447572702706847,
            3.664244123963358,
            6.551843252093262,
            9.673601190869924,
            6.074087421168715,
            10.55716192923079,
            6.416115959051862,
            9.683358921366077,
            7.168689280475197,
            4.860578669253281,
            12.25730937033083,
            5.626564226950582,
            7.190595872387768,
            7.42912444370129,
            3.427847429510246,
            5.907400866709486,
            5.522992757554548,
            3.864304853398603,
            11.681924926997263,
            6.71451740633681,
            7.928108034077235,
            8.85373875828737,
            8.386645813434594,
            5.711014795988538,
            6.656255403753676,
            12.585505035555785,
            11.117649796607193,
            5.247601356810557,
            7.80544681616626,
            8.745902411986998,
            11.91118398816843,
            10.846359619706513,
            6.881658593682195,
            9.659021948416932,
            14.028616360853269,
            8.945010955834544,
            6.091044081272109,
            12.357444598297821,
            5.349878877133575,
            15.996604545965372,
            12.82167984314068,
            6.405407481183379,
            11.85263784986279,
            10.398724008261782,
            12.69771412499116,
            9.455909475032003,
            6.460899705149431,
            7.860822603264878,
            14.625271074410895,
            6.962493949728072,
            12.895486380900877,
            12.280894511394518,
            13.7064576386461,
            6.077817042326957,
            13.702672513053795,
            8.184020650022823,
            5.90349726856886,
            7.389130666052671,
            10.792011212003072,
            6.485973558379651,
            5.618171410699392,
            15.053401775014176,
            10.600061131899194,
            6.443107635295254,
            9.911125062272195,
            6.565757610512286
        ],
        [
            5.836037182883605,
            10.69478845045567,
            8.821051241207025,
            0,
            3.1810911649935467,
            9.831666644063965,
            10.370757204756073,
            10.091162519749645,
            5.206126583171024,
            5.480654431726197,
            15.786049315772456,
            4.597513458381607,
            4.408295021887715,
            10.95813168382275,
            1.441882450132465,
            7.803275337959056,
            11.314579090713007,
            12.468450625478694,
            11.310717793314446,
            3.049600793546592,
            3.3431268297807666,
            11.8096174789872,
            1.6613298889744925,
            15.01826145064734,
            13.654716401302519,
            8.993116589925874,
            9.777513998967223,
            9.0680001102779,
            10.697428335819783,
            11.713143770995046,
            10.653579773953917,
            9.433965232075005,
            8.352050347070472,
            3.952130691158884,
            2.2902150554041865,
            15.939070550066589,
            2.1629879796244826,
            1.2325165313292965,
            13.090061000621807,
            2.6672617044452163,
            6.009135212324649,
            15.378541218204022,
            13.0242299196536,
            3.852724360760837,
            7.596281853643926,
            3.0958593314296436,
            7.265269850459789,
            15.580793946394389,
            14.961829901452564,
            6.288842818834002,
            2.457859637977726,
            14.08500014199503,
            6.434819189378984,
            5.055945509991183,
            8.885578090366433,
            7.683353499612003,
            11.363972896834982,
            9.342801774628423,
            4.86970471384046,
            4.070268418667251,
            14.908766582115371,
            14.589480114109618,
            1.9938668461058278,
            8.069409210097106,
            8.953649591088542,
            5.667439986448908,
            4.903304701933177,
            5.148624864951807,
            14.883089766577367,
            7.6524200747214595,
            15.389847075263614,
            4.5885467198231735,
            6.659581743623244,
            14.753608948321762,
            12.130614576351851,
            14.422991818620712,
            8.618078904257027,
            11.827179587712365,
            9.977049914679188,
            9.588822711887003,
            4.153606866327144
        ],
        [
            3.8868415197947037,
            7.606639533986082,
            6.799087585845618,
            3.1810911649935467,
            0,
            10.004127348249822,
            7.231004632829383,
            7.149217020065903,
            2.3947920577787123,
            4.303441645938748,
            14.85570765732821,
            3.8308945430538808,
            6.592429901030424,
            9.199475474177863,
            2.6340759290498816,
            7.821356979450561,
            9.970402649843185,
            11.88191710120888,
            8.256273735772089,
            3.2592726182386156,
            3.762406145008802,
            11.369203666044513,
            3.1780459405112444,
            13.708309377891936,
            11.609954564941242,
            7.106183011997369,
            6.634199047360578,
            5.908381927397721,
            7.517737558600992,
            9.157419396314664,
            7.52018490464164,
            6.288427227852765,
            7.734494424330526,
            4.902349028782018,
            2.91916974497887,
            14.555016626579304,
            2.131484459244308,
            2.1096587401757656,
            10.201675646676874,
            0.7846527894553107,
            5.909562166522999,
            12.204233240970119,
            10.23440862971574,
            1.397809715233085,
            9.002331087001854,
            5.7768565846834035,
            9.497727359742436,
            13.673039640109291,
            11.791252902045652,
            7.229528961142627,
            5.05520731523446,
            11.318293599301972,
            5.8585691939244,
            1.9763329678978694,
            9.291354745138085,
            6.671323856626959,
            8.22426610707606,
            11.408021388479249,
            7.501727867631563,
            6.186788504547412,
            11.744475807800024,
            11.851816949312035,
            3.965017528334522,
            8.029401098463072,
            5.785226875412926,
            6.116590308333557,
            8.030762479366452,
            7.100345414133034,
            12.795905751450343,
            7.2334756514417045,
            14.402693150935349,
            1.4358635032620617,
            7.717590556643959,
            11.58524691148186,
            11.622331650748915,
            12.1524227214165,
            8.50756163656779,
            8.849143235364654,
            10.013631708825724,
            10.949612961196392,
            0.9890768423130731
        ],
        [
            7.079748371234673,
            12.112397822066447,
            6.727874255662036,
            9.831666644063965,
            10.004127348249822,
            0,
            14.483328346757867,
            15.535882208616282,
            12.038265032802691,
            14.267496276502055,
            6.942132957528255,
            6.1858196708277875,
            13.983507142344513,
            6.2868682982865165,
            10.95877109898733,
            17.430677238707624,
            5.040308819903796,
            3.4793082645836373,
            15.943192277583558,
            7.0646705514128545,
            12.924441651382855,
            2.6702307016435864,
            11.394655764875042,
            7.217180197279267,
            8.659356846787178,
            16.980380001637183,
            12.151363586034284,
            13.28432478524972,
            13.920471040880765,
            9.633358811961692,
            12.561405375195882,
            11.97932539836864,
            2.927607897243072,
            13.740585504264365,
            7.753216880753434,
            8.152972034785842,
            11.231470518146766,
            10.268089987918882,
            12.16107108769618,
            9.36563270687037,
            15.532379373425051,
            17.841362980445187,
            11.543470708586737,
            11.395510168483023,
            3.9867812831907394,
            12.42372778195015,
            6.623596379611307,
            9.493709759625055,
            16.37072976381933,
            16.117072469899735,
            8.209693112412912,
            12.118233287076134,
            15.701301506563079,
            9.815599421329296,
            18.66059455108545,
            16.65109756142219,
            13.104207911964766,
            6.505816781926771,
            7.8847549739988745,
            13.719503343780342,
            16.159198618743442,
            12.309870876658293,
            7.906746992284501,
            17.676753152092157,
            13.060119218445136,
            15.394378357049693,
            10.40837787553853,
            14.799993412160696,
            9.636769998292996,
            17.050512309018753,
            6.720107886038734,
            10.070374173783216,
            3.6666060601051758,
            17.498648233506497,
            3.0541913823465614,
            10.036367569992642,
            18.203022084258425,
            16.82327732637134,
            0.43268464266715084,
            3.9023936244310367,
            10.45006435386883
        ],
        [
            7.602110562205735,
            3.558752168949111,
            8.188850224543124,
            10.370757204756073,
            7.231004632829383,
            14.483328346757867,
            0,
            1.966235998042961,
            5.332517698048456,
            7.465336563076041,
            16.50753676355137,
            9.255224524559088,
            12.699121544421882,
            10.172678359212975,
            9.452620800603396,
            10.741832851054795,
            11.703830526797626,
            14.73719084493378,
            1.4851329906779391,
            9.797726777166222,
            9.322084316288928,
            14.593673286736276,
            9.842480378441198,
            14.663716377508125,
            11.005454874742798,
            6.318352395996919,
            2.690712359208988,
            1.3614716302589633,
            1.1996941276842195,
            7.537831651078445,
            2.946242522264588,
            2.6979557075682323,
            11.577504048800847,
            10.329211489750802,
            9.814039942857375,
            15.183676267623728,
            8.665400740877482,
            9.191290224990178,
            6.504786699039408,
            7.904587275753238,
            9.54814709773577,
            5.0997200903579,
            7.089370352859272,
            6.6608338817298245,
            15.109223970806708,
            12.453674959625372,
            16.274306529004548,
            13.026438538602944,
            5.261556518749941,
            11.748834197485298,
            12.223369952676718,
            7.967789279342169,
            8.78278981873072,
            5.713412290391793,
            12.367428067306477,
            8.276644851629191,
            3.1035594081634716,
            17.95250456064557,
            14.598301031284429,
            12.305989598565407,
            5.332851019857952,
            8.511609542266374,
            11.058196959721778,
            10.76781547018707,
            1.5409146634385693,
            10.41419247949643,
            15.256944975977333,
            12.868981505931231,
            11.77235847228583,
            9.655128896084195,
            15.995705486160965,
            5.958496790298707,
            13.665445473895096,
            4.435806352851756,
            14.67405618770761,
            10.660353934086803,
            10.937328604371361,
            2.4133934614977317,
            14.290343592790203,
            16.81096082917333,
            6.242076978057864
        ],
        [
            8.479417727650878,
            5.461726558516088,
            9.608770993212397,
            10.091162519749645,
            7.149217020065903,
            15.535882208616282,
            1.966235998042961,
            0,
            4.885533850051599,
            6.2548427638110935,
            18.133934432439087,
            9.876136339682638,
            11.764275583307287,
            11.763509382832998,
            8.971298456745266,
            9.157101561083616,
            13.224923931728302,
            16.137219401123602,
            1.516047492659778,
            10.109820671010935,
            8.440736697705953,
            15.920836661432087,
            9.26849718131262,
            16.36111762686156,
            12.823585185118864,
            4.474351014393037,
            4.461832022835462,
            2.433457827865524,
            3.1658253268302716,
            9.372672297696106,
            4.86565771504737,
            4.375109712910065,
            12.69480161325887,
            9.322463730152025,
            9.97691936421258,
            16.92914153169026,
            8.14777822476778,
            8.86385220995928,
            8.466504001062066,
            7.903947874322046,
            8.182530720993352,
            6.240573130730862,
            9.036693643141831,
            6.240695474063768,
            15.6961330588142,
            11.753157873524884,
            16.56740139551161,
            14.879547338544947,
            6.872899315427224,
            10.427783129697318,
            12.197486175437954,
            9.9300458206395,
            7.340749621121811,
            6.0775472026138955,
            10.739281400540728,
            6.633756251174745,
            5.068260944347675,
            18.37909246943385,
            14.65092041477258,
            11.392020014027363,
            6.993273339431257,
            10.475839679949287,
            11.110452196017945,
            9.150663910340057,
            2.657508983992339,
            9.123651516799619,
            14.981366092583144,
            11.818734830767632,
            13.642730665083144,
            8.047748629275146,
            17.623954664036106,
            6.1294371682887805,
            14.286431184869087,
            5.539636269648035,
            16.036116393940272,
            12.553744063027569,
            9.262512887980238,
            1.7454168556536869,
            15.386764832153638,
            17.50659304376497,
            6.198002016779277
        ],
        [
            5.259320488428139,
            6.692624746689448,
            7.687679558878608,
            5.206126583171024,
            2.3947920577787123,
            12.038265032802691,
            5.332517698048456,
            4.885533850051599,
            0,
            3.0974513716925407,
            16.225814771529965,
            5.888852180179088,
            7.470555334110042,
            10.1525754368042,
            4.145256204385924,
            6.927021293456518,
            11.210433443895022,
            13.524952532264209,
            6.131432540605824,
            5.612322602987108,
            4.122974290484965,
            13.102278313331617,
            4.512412326018091,
            14.845254629005188,
            12.183854316266261,
            4.944801310467389,
            5.540213172793986,
            4.150301193889427,
            5.901137941109325,
            9.24156247611842,
            6.422323567058888,
            5.207936443544602,
            9.52073594844432,
            5.228042176570499,
            5.313552201682034,
            15.61578137654341,
            3.3419103818026,
            3.981004521474448,
            9.677524735178928,
            3.1793365660149915,
            5.203866255006945,
            10.428221708421816,
            9.895264574532607,
            1.3632596964628567,
            11.356767145627316,
            7.124140439379336,
            11.887146167184115,
            14.313479311474202,
            10.331078743287172,
            7.100876706435621,
            7.355838225518557,
            10.976650354274751,
            4.783639200441438,
            2.401282365737107,
            8.551018886659064,
            5.134000876509471,
            7.059230127995545,
            13.802659779911986,
            9.827477092316217,
            7.067194422116884,
            10.334450396610361,
            11.540399299850936,
            6.324347634341426,
            7.070086067368629,
            4.0986862529352015,
            5.794122021497304,
            10.101453608268466,
            7.7444405866402,
            13.285215128103872,
            6.0773271262949144,
            15.745852946093457,
            1.9915423671114802,
            10.036534511473569,
            9.76824370089117,
            13.313807870027269,
            12.463835244418147,
            7.451446705170749,
            6.621276689581852,
            11.99637115964657,
            13.281960736276856,
            1.620845458395093
        ],
        [
            8.013919702617441,
            9.579205864788584,
            10.677279897052433,
            5.480654431726197,
            4.303441645938748,
            14.267496276502055,
            7.465336563076041,
            6.2548427638110935,
            3.0974513716925407,
            0,
            19.05768611348188,
            8.124296215673084,
            5.606634106128205,
            13.140978692624078,
            4.042150170391991,
            3.8298439916007023,
            14.093633917482034,
            16.167549226769033,
            7.750786411713329,
            7.300516420089746,
            2.5518107296584525,
            15.668370496002447,
            4.006056664601738,
            17.786288876547577,
            15.262946144175443,
            3.6070643188055294,
            8.384442796036,
            6.600156437539946,
            8.333414186274435,
            12.335943741765362,
            9.225170188132033,
            8.075365564480657,
            12.034837182114265,
            3.152859020000736,
            6.734005791503301,
            18.587903620365587,
            3.369605318134455,
            4.4314036151088745,
            12.656796593135248,
            4.901914115934713,
            2.1720416662670172,
            12.426813791153386,
            12.925047388694558,
            2.97737904876084,
            12.832718379205552,
            5.922370640208193,
            12.743726495809616,
            17.387538324903847,
            12.714761853845317,
            4.2919861369766785,
            7.93798645753443,
            13.997262589520851,
            1.6915262339083006,
            5.327482895326836,
            5.456246053835915,
            2.3848060717802615,
            9.796075183459955,
            14.810629763787897,
            10.324844260326643,
            5.263899125173278,
            12.767014138004233,
            14.56487160945815,
            7.262857977408068,
            3.978118148069511,
            6.629179436400858,
            2.953043345431963,
            9.816304803743618,
            5.580432330922042,
            16.374987572514367,
            3.025960343428181,
            18.591667918721008,
            4.785400505704826,
            11.690160392398388,
            11.731465040650294,
            15.916335790627187,
            15.561170650050723,
            4.380448493019864,
            7.899552012614387,
            14.295395132699202,
            14.827947194402872,
            4.159659240851346
        ],
        [
            11.043994250270144,
            13.167309710035683,
            8.682286910716554,
            15.786049315772456,
            14.85570765732821,
            6.942132957528255,
            16.50753676355137,
            18.133934432439087,
            16.225814771529965,
            19.05768611348188,
            0,
            11.327374320644656,
            20.16783444001859,
            6.372727908831508,
            16.60322432541342,
            22.67650424999409,
            5.034506629253755,
            3.5117186675472736,
            17.95392798247782,
            12.747292261496165,
            18.399066769811995,
            4.304606137615845,
            17.127992585238935,
            2.121441019684498,
            6.16144341855056,
            20.926726762683167,
            13.819536207847209,
            15.701555496192091,
            15.54136905166337,
            9.290652721956622,
            13.77385585085019,
            13.821961836150468,
            7.434537376326788,
            19.403034814172756,
            13.507680555891156,
            2.340790678381987,
            16.62359407589105,
            15.85428831578384,
            11.487329541716822,
            14.451793037543819,
            20.761163382623817,
            18.0371461434452,
            10.693830464337838,
            16.088486131392226,
            10.917461289145933,
            18.703857195776493,
            13.536724308339888,
            5.199875863902907,
            16.137179090535,
            21.83115674901355,
            14.693812609394472,
            10.624690113128006,
            20.686853820723922,
            13.828104497724915,
            24.11576415956998,
            21.320632729823007,
            14.01300499536056,
            13.1032115910566,
            14.761602521406678,
            19.84855747907137,
            15.862336839192391,
            10.477917016277617,
            14.0943302785198,
            22.884886366333568,
            15.479775838170267,
            20.875613643675244,
            17.25474659332904,
            20.93162021918036,
            6.22669559236679,
            22.059048846221813,
            0.5119726555198054,
            14.309108218194453,
            10.516140451705654,
            17.953654558334357,
            3.92376923378529,
            7.312317826790628,
            23.358217162275036,
            18.89201318017749,
            6.5766923297353665,
            10.38844252041662,
            14.902308042716069
        ],
        [
            1.9694994287889498,
            8.033851504726734,
            4.479647865625155,
            4.597513458381607,
            3.8308945430538808,
            6.1858196708277875,
            9.255224524559088,
            9.876136339682638,
            5.888852180179088,
            8.124296215673084,
            11.327374320644656,
            0,
            8.997901144155787,
            6.408040574153694,
            5.277808730903385,
            11.485088941754,
            6.72169695835806,
            8.16940077361859,
            10.594467093723969,
            1.6249495376780168,
            7.093563913858815,
            7.604531083505412,
            5.810491631523102,
            10.4415949452179,
            9.179074572090586,
            10.814702954774114,
            7.537467081188481,
            7.920720421779827,
            9.046924173441491,
            7.734917517336562,
            8.246254179929212,
            7.255013301159413,
            3.9845061174504424,
            8.076357656765827,
            2.3366371134602826,
            11.353382931972302,
            5.323609020204245,
            4.527644972830799,
            9.61579601489133,
            3.247321511646175,
            9.563860517594346,
            13.578966234585016,
            9.348169072069673,
            5.214585793713629,
            5.858581739636309,
            7.66842441444134,
            7.202947174594577,
            11.03398613375964,
            12.611035484844217,
            10.504856495926063,
            4.471157344580931,
            10.321989972868604,
            9.62711254738408,
            3.8360126433576833,
            12.848032378539523,
            10.499575086640412,
            8.93483351831471,
            8.727655641694394,
            6.14870539219436,
            8.647038394733771,
            12.479410122277416,
            10.759380093667108,
            3.3861909278716107,
            11.713317762273848,
            7.721127702609251,
            9.58370293780019,
            7.832387439344405,
            9.711782740568284,
            10.413170938767882,
            10.995241925487589,
            10.906163624299792,
            3.96956786061153,
            4.424694904736371,
            13.076616726049593,
            7.88029161896944,
            10.071982774012275,
            12.21734774818168,
            11.37919527031679,
            6.1840405076292955,
            7.630540544417546,
            4.280898971010645
        ],
        [
            10.063065586589406,
            14.005681168725785,
            13.080386079928987,
            4.408295021887715,
            6.592429901030424,
            13.983507142344513,
            12.699121544421882,
            11.764275583307287,
            7.470555334110042,
            5.606634106128205,
            20.16783444001859,
            8.997901144155787,
            0,
            15.30763198538559,
            4.010276798426763,
            5.340851711103764,
            15.719028118811927,
            16.807630707509016,
            13.21904156888842,
            7.455793586198588,
            3.377236740295238,
            16.121853615512084,
            3.4396424232760014,
            19.426522745977984,
            17.93983458675135,
            8.916277979067274,
            12.919250171739845,
            11.603212012197313,
            13.363595698763115,
            15.72432186137132,
            13.814300018459134,
            12.576142850651784,
            12.735268823232591,
            2.456780413468001,
            6.697832783818957,
            20.346427622558217,
            4.484962653133246,
            4.703135975070252,
            16.762365286557863,
            6.488663652864124,
            4.400304194030227,
            17.782237120227588,
            16.822195457192855,
            6.31810889428158,
            11.135240859541387,
            1.5994761642487834,
            9.91656477818806,
            19.914349223612607,
            17.79867986677664,
            3.0249887603096974,
            5.836221465982936,
            17.90774296219376,
            5.287371464158727,
            8.53507023989844,
            5.685245553184136,
            6.678535318466168,
            14.480529168507621,
            11.997126489289007,
            7.309474741730763,
            0.4100780413531065,
            17.804833164059698,
            18.44336642264638,
            6.118034978651234,
            5.6157523093526835,
            11.564331454952336,
            3.4451312021460088,
            5.604263555544118,
            0.8424494050089897,
            19.157895500289168,
            5.835093315449205,
            19.77987547989117,
            7.943864298941668,
            10.530993875223745,
            17.101379651946214,
            16.455621319172366,
            18.617605914832335,
            6.130228788552676,
            13.456889536590541,
            14.17647544349441,
            13.012905132982413,
            7.297012607910172
        ],
        [
            5.335395018178129,
            6.967965126204349,
            2.4662881015809974,
            10.95813168382275,
            9.199475474177863,
            6.2868682982865165,
            10.172678359212975,
            11.763509382832998,
            10.1525754368042,
            13.140978692624078,
            6.372727908831508,
            6.408040574153694,
            15.30763198538559,
            0,
            11.397805271191467,
            16.902250856025063,
            1.644234168237602,
            4.880511551056918,
            11.635588897859876,
            8.030535785363265,
            12.938830434007548,
            5.020213640872269,
            11.965303548176285,
            4.727614726265244,
            2.8633857581541466,
            14.667746929913946,
            7.49831194336432,
            9.330443290648093,
            9.259247539622212,
            3.5410609991921915,
            7.548165604966547,
            7.476860972359991,
            4.049311669901441,
            14.044948878511448,
            8.739634145660789,
            5.464247432172156,
            11.20689470816961,
            10.657737705535823,
            6.081905046940473,
            8.989881256167958,
            15.031495068688278,
            12.307871465042199,
            5.386539984071407,
            10.254175588510272,
            9.292873183251775,
            14.050394478447927,
            11.709200826700345,
            4.626946509308272,
            10.595667793961832,
            16.418527887724892,
            10.709115743141448,
            5.85472945574772,
            14.818996727174211,
            7.814307710859613,
            18.44081842001596,
            15.286445531908326,
            7.8858629204418715,
            12.317880702458519,
            11.774646066867573,
            14.93707484750612,
            10.35103941640645,
            6.024621813856867,
            9.742695982119118,
            17.083025054129028,
            9.108062856612268,
            15.313070299583947,
            13.9070503342729,
            15.971766214166797,
            4.079413315661946,
            16.166749735181774,
            5.864037602198675,
            8.362293525104223,
            8.13860141547674,
            12.101410702889147,
            4.955483831070383,
            4.025149065562665,
            17.515047987373602,
            12.573774333906268,
            5.9007986747558165,
            10.003457052439423,
            9.017771343297634
        ],
        [
            6.095915435765165,
            10.210168705756042,
            9.110329302500542,
            1.441882450132465,
            2.6340759290498816,
            10.95877109898733,
            9.452620800603396,
            8.971298456745266,
            4.145256204385924,
            4.042150170391991,
            16.60322432541342,
            5.277808730903385,
            4.010276798426763,
            11.397805271191467,
            0,
            6.507143843500005,
            11.940099036440191,
            13.387649009441501,
            10.270192403261001,
            3.93888943739222,
            1.9898824085859943,
            12.772001409332837,
            0.5742229532159094,
            15.682826339662121,
            13.969782568100335,
            7.577639540120657,
            9.195856947560678,
            8.208166725889527,
            9.909713315732196,
            11.717180633582466,
            10.089314991613653,
            8.849130183244,
            9.213976340321262,
            2.8176589573615893,
            3.2129021149110657,
            16.576835795772364,
            0.8273342734348671,
            0.7523509819226659,
            12.8348962598067,
            2.4800362900570625,
            4.657039939704189,
            14.528600930578277,
            12.85663486298028,
            2.793624885341623,
            8.971112138414055,
            3.1542510997065536,
            8.706880095648499,
            15.974824725173045,
            14.276176974246292,
            5.241830691657257,
            3.89922158898414,
            13.937831753899168,
            5.021871463906657,
            4.608626693495579,
            7.703959566352877,
            6.247459163532004,
            10.783124083492686,
            10.784215316841554,
            6.289485591047968,
            3.6136878669857477,
            14.248136579918091,
            14.466524288853906,
            3.3390297992081472,
            6.764301146459995,
            8.121828981208605,
            4.435651135966399,
            6.05908920548295,
            4.597433305660889,
            15.18066190915271,
            6.273654278010544,
            16.183890076245575,
            4.046405318304136,
            7.960679870463327,
            13.880520235207324,
            13.07335247746346,
            14.615694920187682,
            7.304916768861916,
            10.716505587177194,
            11.067670034835697,
            10.969227684755204,
            3.4619914789034354
        ],
        [
            11.677169691325036,
            13.264973803215746,
            14.447572702706847,
            7.803275337959056,
            7.821356979450561,
            17.430677238707624,
            10.741832851054795,
            9.157101561083616,
            6.927021293456518,
            3.8298439916007023,
            22.67650424999409,
            11.485088941754,
            5.340851711103764,
            16.902250856025063,
            6.507143843500005,
            0,
            17.775848615466998,
            19.646287410093542,
            10.658522458577455,
            10.368015866114405,
            4.519361127416132,
            19.089112001347782,
            6.1466267984968805,
            21.4993651301614,
            19.08314465700032,
            4.990387960870377,
            12.059053113739902,
            10.110305237726504,
            11.755292978058863,
            16.161135634601923,
            12.860947710025105,
            11.768301576693215,
            15.466599141375585,
            3.919747568402844,
            9.681955226089409,
            22.32420757832179,
            6.206490232007137,
            7.167997279575378,
            16.388065200016747,
            8.257826893317636,
            1.9221342304844375,
            15.370046974554112,
            16.6954660012831,
            6.650769654709146,
            15.387970626434145,
            6.558984448830475,
            14.718114689049003,
            21.20363124561451,
            15.972063736411775,
            2.3884375646015954,
            10.077437968055175,
            17.757663838467042,
            2.148205762956613,
